815

9801511055111.

uu

0010100010 Ravennatem, 10001110 carthaginensi 0010 ,111001 meminere 9101000000, Plinius, Ammianus, 01
1011111000. 119,111011 Ναο000100011111001101100111, Autumnus.

0001 ex legatio 11101110οῑ0 cesariensis.
*90000001010000 000 110101010000111, 00111011-

oenomaus, 00110. num. 51.
*omnemne 00111. 000017, consentu. 1. 1,

011100100011000. 77, 0011. 010111. 1. 1, 0. 197, 0198001115.

001. 515.

’11010001111100 00111. 000011.

’1100000000011100 00111. 000. 51, 0011. 011111.
1. 1, 0. 155, 001. 111.

1101000010, 0011. 011110. 1. 1, 0. 155, 001. 181.

81110000, 00111. 0010. 119.

8000001010οε, 00111. nom. 91.

· 8110001100, 000 Senensis, notit. nom. 117, 0011.
010110. 1. 1, 0. 155, 001. 157.

8110110010, 000111. num. 51110110 8000100111, 10

*10111011Αο00, 00111. uum. 1, 0011011101. 1, c.
1353 001. 118 01185.

1101010000, 00111. 0010. 57.

1011100000, 00111. 000. 115.

*1000110000100 0010. 99. Vide 001. 17, 111
lio. 0 opion.

100000100011. 000. 115.

1001010000, 00111. 0000. 119.

’1101111100 00111. 0010. 16, 0011. 011110. d. 1,
0. 198, 001. 1511.

⁸ quo ioco Procopius 10 libris 10100110 vandalico 000 Β ’1100010 0011001110. 1. 1,0. 115, 001. 159.

10001 1111011001 80111, 0011010010, ionga obsidione
011000 0011111010.
8101000000, 100111. uum. 55.
8000010100, 00111. 000. 89, 0011. 0000101. 1,
c. 011, no'. 110.
8100111100, 0011. 000110. 1.1, 0199, 001. 111.
811100, 0001. oum. 111, 0011. 111110. 1. 1, 0198,
0101. 519.
8000100010, 001. 000015.
8001000000, 00111. 00000. 15, 0011. 000110.1.1,0.
15501 191, 001. 119 01 577.
5001001001, 00111. 0001. 87, 0011. 010111. 1.1,
001. 156.
’8000101100 100 sosoritano, 000111. 000. 5,
0011. 010011. 1. 1, 0155, 001. 151.
1800110100100101,00111. 000019, 0011. 000111. 1.
1, 0. 155, 001. 159.
8010101000, 00111. 00100. 191.
1101010000,00111101000111, 101 10111000110111,
0010 1010100110111, 00111. 0010. 195, 0011. 000110. 1.
1, 0. 15501197, 1001. 117 01559.
’10000οτ000, 00111. 0010. 18. Diversus 1 1111-
001011 provincio proconsularis de qou 10 0011 79.
⁴ 1100010010, 00111. 0000. 199. Hodie 10100.
1000011000, 000111. 0000195.
1110011, 110010 1011000111, 00111. 0100. 19, ooli.
001111. 1.1,0.,198, 001. 571.
1111001100, 1001011100101001111, 00111001100111,
00111. 00100. 1110011010110. 1. 1, 0. 115, 001. 185.

1101000000, 10110 Ρ1000101100111, 00111. 0010.
11, 0011. 001110. 1. 1, 0187, 001. 596.

1100100010, 00111. 000. 51.

11000000, 00111. 000. 71.

1010000000, 00111. 001011.

1001100000, 00111. 0010. 115.

1000100000, 00111. num. 191.

1100110000, 00111. 19. A

41 uuuuiuuulu 8111801Νὸ18.

1000000000, 00110. 0010. 55.

1000110000, 00111. 000. 5, 0011. 0001101. 1, 0.
197, 001. 555. , ’

· 1001000010, 000 1110100011, 00111. 000. 11, 0011.

C 000110. 1. 1,0. 118, 000. 111.

10000001010010, 00111. uum. 51.

’8101001ου0, 00111. 0010. 11.

(1001000000, 00111. 0010. 19.

>· 9000000, 00111. 0010.17,0011.011111.1.“1, 0.
119, 001. 75.

10000000, 00111. 000. 5. Goba municipium iu
Antonini itinerario memmium 10100· 8111100 011011-
0111001000001001 0100011000 Ravennae 01 ’1110010 “
9001000111ηο

· 8000010000, 000100101000111, 00111. uum. 11
0011. 011111. 1. 1, 0. 191, 001. 585.

110100010000, 00111. 0000.11,0011. 001110. 9. 1,
0198, 001. 119.

10000000, 00111. 000011, 0011. 0101101. 1, 0.

1100010000, 1011010000100111, 00111. 0001. 199, 10115, 001. 11.

0011. 001111. 1. 1, 0. 197, 001. 551.

11010000000, 00111. 000. 198. 1001 101001-

0000 10 11100001107001000110,1010111001110010 011000
0000001101.

*10001100000001 101000000οη011, 00111. num.
ui, 0011. 011110. 1. 1, 0. 189, 001. 191.

11101000, 00111. 000. 15, 0011. 001110. 1.1,
001. 158.

’1101101000 00111.0000.98.1001 1000110000

810001001000, 00111. 000. 15. 100001. 1811
librum 0001011.

100001001,00011. 0000. 15, 0011. 011110. 1. 1, 0.
118, 001. 119.

· Au 1100001 1011110000,00111.0000. 7, 0011. 011110.
1. 1, 0. 198, 001. 579.

· 1010011000, notio 0010. 1, 0011. 011110. 1. 1,· 0.
111, 001. 15. 110110 1110000.

1010000, 10110110111001111, 000 1011110011, 00-

000011091100001100000 80010110 9111111111011111001 111. uum. 9, 0011. 0111101. 1, 0. 118. 001. 71.

10001, 01 epistole 118 1110010111 10000000110100.
1100910. 8001. 110010. 97, 000110 110111·

0100001111 10 1110111111. Tim, 000 711111-

·10010001000, seu 1010011οι1111, 00111000018,

vioe 001100 11, 111 1110100 0901111.
· 1011001100, 00111. 000. 11. unauna·

 

